1 -4.40578e-05 0
2 -2.56612e-05 0
3 -1.75812e-05 0
4 -1.09742e-05 0
5 -8.60147e-06 0
6 -9.80458e-06 0
7 -7.79791e-06 0
8 -6.21329e-06 0
9 -5.50263e-06 0
10 -1.13871e-05 0
11 -1.10442e-05 0
12 -7.52642e-06 0
13 -3.43682e-05 0
14 1.2529e-06 0
15 2.23583e-06 0
16 -1.31519e-06 0
17 0.000135524 0
18 -1.42139e-05 0
19 -7.28926e-06 0
20 -1.22209e-05 0
21 -1.0797e-05 0
22 2.68682e-06 0
23 2.68682e-06 0
24 2.68682e-06 0
25 2.68682e-06 0
26 3.99984e-05 0
27 3.99984e-05 0
28 3.99984e-05 0
29 3.99984e-05 0
30 3.99984e-05 0
31 3.99984e-05 0
32 3.99984e-05 0
33 3.99984e-05 0
34 3.99984e-05 0
35 3.99984e-05 0
36 3.99984e-05 0
37 4.00112e-05 0
38 4.00112e-05 0
39 4.00112e-05 0
40 4.00151e-05 0
41 4.00104e-05 0
42 4.00104e-05 0
43 4.00104e-05 0
44 4.00084e-05 0
45 4.00094e-05 0
46 4.00094e-05 0
47 4.00094e-05 0
48 4.00024e-05 0
49 4.00024e-05 0
50 4.00024e-05 0
51 3.99914e-05 0
52 3.98976e-05 0
53 3.98976e-05 0
54 3.98976e-05 0
55 3.98842e-05 0
56 3.99822e-05 0
57 3.99822e-05 0
58 3.99822e-05 0
59 3.99651e-05 0
60 3.99687e-05 0
61 3.99687e-05 0
62 3.99497e-05 0
63 3.99497e-05 0
64 4.01503e-05 0
65 4.01503e-05 0
66 4.01305e-05 0
67 4.02311e-05 0
68 4.02311e-05 0
69 4.02311e-05 0
70 4.02084e-05 0
71 4.02084e-05 0
72 4.02084e-05 0
73 4.01839e-05 0
74 4.02923e-05 0
75 4.02923e-05 0
76 4.02923e-05 0
77 4.02672e-05 0
78 4.02672e-05 0
79 4.03693e-05 0
80 4.03693e-05 0
81 4.03437e-05 0
82 4.03437e-05 0
83 4.03437e-05 0
84 4.03177e-05 0
85 4.05226e-05 0
86 4.05226e-05 0
87 4.05226e-05 0
88 4.0495e-05 0
89 4.0495e-05 0
90 4.0495e-05 0
91 4.04666e-05 0
92 4.05773e-05 0
93 4.05773e-05 0
94 4.05504e-05 0
95 4.05504e-05 0
96 4.05504e-05 0
97 4.05504e-05 0
98 4.05224e-05 0
99 4.06252e-05 0
100 4.06252e-05 0
101 4.05951e-05 0
102 4.07932e-05 0
103 4.07932e-05 0
104 4.07647e-05 0
105 4.0868e-05 0
106 4.0868e-05 0
107 4.08395e-05 0
108 4.09428e-05 0
109 4.09428e-05 0
110 4.09428e-05 0
111 4.09142e-05 0
112 4.09227e-05 0
113 4.09227e-05 0
114 4.09227e-05 0
115 4.08911e-05 0
116 4.0994e-05 0
117 4.0994e-05 0
118 4.09625e-05 0
119 4.11623e-05 0
120 4.11623e-05 0
121 4.11623e-05 0
122 4.11335e-05 0
123 4.12455e-05 0
124 4.12455e-05 0
125 4.1214e-05 0
126 4.1214e-05 0
127 4.1214e-05 0
128 4.1214e-05 0
129 4.11841e-05 0
130 4.12875e-05 0
131 4.12875e-05 0
132 4.12875e-05 0
133 4.12569e-05 0
134 4.14562e-05 0
135 4.14562e-05 0
136 4.14562e-05 0
137 4.14245e-05 0
138 4.1528e-05 0
139 4.1528e-05 0
140 4.14968e-05 0
141 4.14968e-05 0
142 4.17055e-05 0
143 4.17055e-05 0
144 4.1674e-05 0
145 4.1674e-05 0
146 4.1674e-05 0
147 4.1674e-05 0
148 4.16428e-05 0
149 4.17468e-05 0
150 4.17468e-05 0
