1 -0.161399 0.0469632 0
2 -0.0188975 0 0.00354327
3 -2.0106 0 0.551261
4 -0.0473977 0.0385015 0
5 -1.7225 0 0.46954
6 -0.792484 0 0.107903
7 -2.37095 0 0.513611
8 0.413084 0.0996274 0
9 -2.99934 0 0.71167
10 3.77798 0.428312 0
11 3.03733 0.252347 0
12 -2.99551 0 1
13 7.27151 0.5 0
14 7.17524 0.5 0
15 3.58548 0.179086 0
16 -2.99894 0 1
17 10.2716 0.5 0
18 10.2008 0.5 0
19 8.21111 0.5 0
20 4.94333 0.463437 0
21 0.717588 0.0672739 0
22 -1 0 0.262644
23 -1 0 0.1875
24 -1 0 0.1875
25 -1 0 0.1875
26 -1 0 0.1875
27 -1 0 0.1875
28 -1 0 0.1875
29 -1 0 0.1875
30 -1 0 0.1875
31 -1 0 0.1875
32 -1 0 0.1875
33 -1 0 0.1875
34 -1 0 0.1875
35 -1 0 0.1875
36 -1 0 0.1875
37 -0.988067 0 0.185263
38 -0.988067 0 0.185263
39 -0.988067 0 0.185263
40 -0.999631 0 0.187431
41 -0.999631 0 0.187431
42 -0.999631 0 0.187431
43 -0.999631 0 0.187431
44 -0.991633 0 0.185931
45 -0.991633 0 0.185931
46 -0.991633 0 0.185931
47 -0.991633 0 0.185931
48 -0.984919 0 0.184672
49 -0.984919 0 0.184672
50 -0.984919 0 0.184672
51 -0.979232 0 0.183606
52 -0.979232 0 0.183606
53 -0.979232 0 0.183606
54 -0.979232 0 0.183606
55 -0.974429 0 0.182705
56 -0.974429 0 0.182705
57 -0.974429 0 0.182705
58 -0.974429 0 0.182705
59 -0.971003 0 0.182063
60 -0.971003 0 0.182063
61 -0.971003 0 0.182063
62 -0.967991 0 0.181498
63 -0.967991 0 0.181498
64 -0.967991 0 0.181498
65 -0.967991 0 0.181498
66 -0.963308 0 0.18062
67 -0.963308 0 0.18062
68 -0.963308 0 0.18062
69 -0.963308 0 0.18062
70 -0.962019 0 0.180379
71 -0.962019 0 0.180379
72 -0.962019 0 0.180379
73 -0.960858 0 0.180161
74 -0.960858 0 0.180161
75 -0.960858 0 0.180161
76 -0.960858 0 0.180161
77 -0.959694 0 0.179943
78 -0.959694 0 0.179943
79 -0.959694 0 0.179943
80 -0.959694 0 0.179943
81 -0.958564 0 0.179731
82 -0.958564 0 0.179731
83 -0.958564 0 0.179731
84 -0.956864 0 0.179412
85 -0.956864 0 0.179412
86 -0.956864 0 0.179412
87 -0.956864 0 0.179412
88 -0.956341 0 0.179314
89 -0.956341 0 0.179314
90 -0.956341 0 0.179314
91 -0.955736 0 0.179201
92 -0.955736 0 0.179201
93 -0.955736 0 0.179201
94 -0.953588 0 0.178798
95 -0.953588 0 0.178798
96 -0.953588 0 0.178798
97 -0.953588 0 0.178798
98 -0.952235 0 0.178426
99 -0.952235 0 0.178544
100 -0.952235 0 0.178544
101 -0.953062 0 0.178699
102 -0.953062 0 0.178699
103 -0.953062 0 0.178699
104 -0.952274 0 0.178551
105 -0.952274 0 0.178551
106 -0.952274 0 0.178551
107 -0.950864 0 0.178287
108 -0.950864 0 0.178287
109 -0.950864 0 0.178287
110 -0.950864 0 0.178287
111 -0.94943 0 0.178018
112 -0.94943 0 0.178018
113 -0.94943 0 0.178018
114 -0.94943 0 0.178018
115 -0.951168 0 0.178344
116 -0.951168 0 0.178344
117 -0.951168 0 0.178344
118 -0.951973 0 0.178495
119 -0.951973 0 0.178495
120 -0.951973 0 0.178495
121 -0.951973 0 0.178495
122 -0.950319 0 0.178185
123 -0.950319 0 0.178185
124 -0.950319 0 0.178185
125 -0.9514 0 0.178387
126 -0.9514 0 0.178387
127 -0.9514 0 0.178387
128 -0.9514 0 0.178387
129 -0.950655 0 0.178248
130 -0.950655 0 0.178248
131 -0.950655 0 0.178248
132 -0.950655 0 0.178248
133 -0.950844 0 0.178283
134 -0.950844 0 0.178283
135 -0.950844 0 0.178283
136 -0.950844 0 0.178283
137 -0.951527 0 0.178411
138 -0.951527 0 0.178411
139 -0.951527 0 0.178411
140 -0.951799 0 0.178462
141 -0.951799 0 0.178462
142 -0.951799 0 0.178462
143 -0.951799 0 0.178462
144 -0.951886 0 0.178479
145 -0.951886 0 0.178479
146 -0.951886 0 0.178479
147 -0.951886 0 0.178479
148 -0.951893 0 0.17848
149 -0.951893 0 0.17848
150 -0.951893 0 0.17848
